1 2 3:45:15 20 10
1 2 3 4:62:15 20 10 17
1 2 3:48:18 22 8
2 3 4:55:25 15 15
1 3 4:50:20 10 20
1 2 4:52:15 25 12
1 2 3 5:70:15 20 10 25
2 3 5:60:25 15 20
1 4 5:55:20 15 20
3 4 5:48:18 15 15
1 2:35:15 20
1 3:30:15 15
2 3:40:20 20
1 2 3:50:20 18 12
4 5:35:18 17
1 2 6:42:15 20 7
1 3 6:38:15 15 8
2 3 6:45:20 18 7
1 2 3 7:65:15 20 10 20
1 4 7:48:18 15 15
2 5 7:52:22 15 15
1 2 3:47:17 20 10
3 4 5:50:20 15 15
1 2 8:40:15 20 5
1 3 8:42:18 16 8
2 3 8:48:20 20 8
1 2 3 9:68:15 20 10 23
2 4 9:55:25 15 15
1 5 9:50:20 15 15
1 2 3:52:20 22 10
3 4:32:17 15
1 2:38:18 20
2 3:42:22 20
1 4:35:20 15
4 5:38:20 18
1 2 3 10:72:15 20 10 27
2 3 10:58:25 18 15
1 3 10:48:18 15 15
1 2 5:55:15 20 20
3 5:35:18 17
1 6:25:15 10
2 6:28:18 10
3 6:30:20 10
1 7:32:20 12
4 7:30:15 15
1 2 3:55:20 25 10
2 4 5:58:25 18 15
1 3 4:52:22 15 15
1 2 9:58:20 23 15
3 4 5:53:20 18 15